$ANSIBLE_VAULT;1.1;AES256
30633633643264333732363530313037633364623033316539373432653034376337316565353536
3366323435353131623134333562353366646261313662620a396135643861623738396165346466
61356338313263653035646463303333306631383538626634633235373165303462353330653536
3331643830303832340a633662616162386232663234663538323838626538323066303437386339
37313964353866376162663137353130643536383139363932373736316238373639353532353930
66383939646132366638316466323639363165653065363264663133663038306536633763323531
36643035626634346537616632323238333936353939326236333966636661313364616333333134
39646337633837636338613631613332393734323064323032306463636338306233373061663934
31643133323037333465653131343664303531653465353830643036623330303837653733326262
38613564626331386665646432313862386361653665643164623733366165353534666239396639
36643465326562623634346536396466306638356534623634353830306530616636313031613433
36333733336334396461356132313863353934623734636666376437666233613062313636366130
63636534623739363463663131653831396666643436393365626633663865376262333430336537
61666139316161356439343333393061313961326239313134313764313131616461303831373237
36653639336266616331356532653662336532356136393366633639666661373431336662613962
63636634663865393062663238623264386364396635343333633965323933316363383063313339
66656463343730366630306437316561303539653463656563663462656637343938373836356432
66626563346566623439313336303766613165336338646139613566386565323531386133343162
34383262663531633932346539393130646666316336343336366162316161353033613436646465
31366234353331646133613730633236626236396662346139383761316531333832393135666331
63323536316261373533623862393731343632353134373639386337633864313138366435313063
65343165313262626365336162363364653630316336626437333437333831343866343036663230
30363334303034333832626132393262636665376566376665326136326231653464653261363639
33666532353162376665366131643235363331323935376332316466323636306434346166666332
39663130333837643437333462376330663331653130646366336133373236663735356161343264
33356261643064663337363638343737643865343238363335643063656364653866316337303831
62656238306139303638373533366135323562373330323634333433393161623432333339653966
62616533393865643961383631633030336235316339373733343031316337396132643765326466
33623738666231326138313033623436633137383563326438363235393235616339373834313663
31336136313961303739383239303462666537326332666234323233366264373237643437306636
65653239343135646431646632323137323430313465653834336162333138646539323462383465
66393064353465353966653433336563383961396137316536383435306431333762323562373139
61306432306465643431316235643962303532373034393834666636376233356466323063386336
65366162396238613735613864303437663638353435636130323830333831376537326561613364
65366438663833373631666632333062343431366139643363313761623865396337383765333933
35626132656535656263656665323830333838353562323738663961646532396238313536393062
30656335626163613261643930646339383332366432393365393232366236643561383566363564
37663236363464383930326533626132383564653434643730376431316630323962323539336531
38303639363438373165393062646265393034383139363239316664306533313366333631333837
65623134653330386434363533336662303666396462643231643963313963613237373433633665
65376235323634333634656239393862363564613138396161643037373762333066643233356263
66663564383537616238343239383730623164373161316435663839636137616238363433616237
38623537346238353966303866313830666339373363666132393434303435653864656565393931
62366232356166663833343165666537636535363039613531326466363561646166643366346237
30656333643039643465336232666331346663393331613931666565653234306135373738313766
31373838313363356137643137653136623635353063646664376530306338323135313261643432
34323336393264333239383532333466313830653665326164366464323264373936616336653935
65353862303666316166363434643034343262643462613131343665313164623963303063316632
35343332356130376338613165303536623936633634303738383134613939373038613865373734
36643064346136333463376636393435626638393136663766393734343063356431623639633165
39346630633536313734643830356264613238616365623437666639643438343865653662373331
30363062313635343831363133653033393031373434343831303633333735663134323231383236
64623966356563373936393432393636646633393335643232343531383265303761396665616461
64323036656332636661393930663435353165326632613139653936626333343466373634383664
39663732313335346133326437613166613933623837316464646637616332623963376237386464
37303338323633373930396436306163326263333362346131306538643731356439303737323561
32373765623834663331313231383233613931316638653462373339393930393130353936333537
39316638373135653139346530643664653830366465383533613666303565643438383134333466
32346364343561616366343834393063643835313264653933646634386238383136383239363466
32316461646531326430636564323538353637346462366338356534663362356431373262343661
39306566653266343963353065323738656361333566313537643431356538383032663065643433
34353735303562346635386238643764346362393533343765313130613339653439363034616431
65663662623036303536393537323861306233396131373965613265653461336565346333643463
31343363613661363662376231353336616264353031376661656161666563656162386431656566
30633539333263396331663332653264396633393030666566383766373734363665613637356265
37643230373136623834333036653066383963646431363538326361363362333036383137343063
39353830393231333836616333653935343434356138346665666138316434633736363134373063
30653163326462643461316539633236333735633634373432363636393164613465653366313939
37383131373936643164616137646237656634333235626563326331353835663665623861633135
31653333366338353835623465313065323130343761343262663733353637333732653438393531
65393161306636626631353438316238643735616562353162643364363739653637353430356233
34623461333434616264306666653264633661653035613837393265633962303430373033373235
31636463616437636638306263656461653364653034393761356537393136636434353635363536
30346361613736363732343666363536303664646236653130613538313638396261323964323034
61343663343662343864633431393638313038643232623362613538303539646637613131353932
65653933633530306532653837643236366534346236373966336631633762656330663935346232
38326531613732353732313961333835373963623061313162396363643661633465613463366337
61643064353330363337333639626235396431653333356530613735633430306237623664356336
36323136303030613063333431346666616632326362663137393264623731313731646366346132
39333864363134666538316333336365636432356532643239316564663430333066333334316662
30366535653662613731613731386336326338333364333330666335636533326132663032316638
62376139343731646563366438316634616264633863363662666561383532316638623238353034
61313763393061333761336530376430336538643765396661623034616336313061353763333636
30656631653861313162346138633465396465353930643039633430343364313439623163373430
30313363633137333431633538386432366433613831613039626635653837623536613961303731
63343635333963393265633833343634363461343565316132653131363537343339383466653162
62663137333462393931343135316435303138366236623861643563343238646631336238663536
64613936383963353763633638646536383762646634636237646465343161303232666230343263
30663234323338333261626236383135316363363361363261613237613832656161663963653162
64363666663231323432313034303438663766386230326666626331323736626265656663663131
36373566353633653233396631633135303239376637343931326138623033306238393030346265
39333163623531643761663733363561306530336634316461643961366333346134366333636331
38623637393539363237313237303838633134643736373733336436356532383837633233303664
66623534623637643666663930383030333337363233333837633931353465303334326333336264
39613835343939356530643933396330386362336665303733623438353263663864633763313332
63326237643932323332303463616165383530346531666630653831333662363363353638623163
38623239653432636337373961646361636438343366323132356639346433346164306566363466
66343566623761343735393363386535326161616133343637343736386663336436363065346666
36393038666463376662653531343261623837353932336230386562393137373633653430323637
66633065316532383538386265396661313637623435646639373330326433366531303138653338
64623563336130376564626663363863356166323736333133386335366263316161366639356331
35353264613436323535636135303735386338333335663038613632323834346466613438356131
62646332383331336164386237313965646665616237303863666337383930363330616330326331
61616238316634656462643638323064383266613364623931323763323638306134626235383036
33333939346230656137353530366637396466666134653838306539383235623163326666313263
37333638356662616333623338626363396533343434653133333561613535643739623930376434
37656264663439306366386466616365666339393631666633633538303335623631653238356562
34313037636462613433376365373235326562323866363132363138626537653365353365316362
32303732333437303636313033653434393733316636376233653463343236666631383237383237
36616136316130353830306637643937346661643535373036333264383234666138623864616330
39613535393632383864643931386164616262643563366263646262303437633234383066353664
62396561363862306234393061303461306130353835373636333962363138353731643738353130
64346562366265386132386537623862616539393632383733313539303963343433643561326637
61306232666239356232646438353337353630666338653233643936646236653730313863616130
35306131373035353435613465373034323437323562383438623539336130353534386565353537
66393233306637373233373333303432313738613332633166643636336336396165363965373738
63306439346361646539643134396162623636646331343333393339376263393636666132393436
39396131373165323034653637363366386432323235643862303666373736623862643032633037
30663935336636383336626566623565396466313037333733613232306433666236373634303633
31656166373333626336393835306130393436316230303732326132616530363764396237623266
34313566656266333439326334373561353465343739363265633235323766306463386332323833
39623666353464356239353334623064303031356234333662653331656539326232386432633638
34333934336537386532373663393035376566613761303834393932383130396664643436313161
32663935646138306161366461313464356664333632613231333231386133393966363435303936
61326666356235393861303038303636356436613463373339306139326531336131643236336466
35633035383863323462636538393932373230336661373066653836383333663131313364623665
63633061643039623533353864393331303737643664663963646237333937343236326239346438
32613334303639626432353866383931383861333739393635386366646334383963303735343733
64376137383962666263656464346436353237323861313765653434383930346430363537623438
35303064613733373031316266363066383636343231323265616634386338386135656665353832
35323264353865383835386630636239383563383136616235363134343436613231393338373335
62613566343633343365646639646162343362363861353639343534316230623064323364303734
37396134336535303761346133666330643966306235346566346338663066366430343166373662
3335373135623533336365643631366135396435313963623131
